CYCLING-MICRO

  1  0.214883  0.238229
  2  0.229940  0.238254
  3  0.248008  0.238285
  4  0.269088  0.238321
  5  0.214740  0.253397
  6  0.229797  0.253423
  7  0.247865  0.253454
  8  0.268944  0.253490
  9  0.214568  0.271600
 10  0.229625  0.271626
 11  0.247693  0.271656
 12  0.268772  0.271692
 13  0.214368  0.292836
 14  0.229424  0.292862
 15  0.247492  0.292892
 16  0.268572  0.292928

CYCLING-SMALL

   1 -0.009093  0.571562
   2  1.371599  0.518206
   3  1.100882 -0.038396
   4  0.387872 -0.540149
   5  0.771202 -0.205788
   6 -0.716914 -0.486497
   7 -0.997099 -0.042043
   8 -0.053839 -0.540918
   9 -0.215317 -0.986171
  10  0.260084  1.295066
  11  1.321728 -0.038044
  12 -0.393444  0.348408
  13 -0.550759 -0.541812
  14  0.938428 -0.372368
  15  1.097691  0.295306
  16  0.164920 -0.318054
  17  0.980359  1.018147
  18 -0.605454 -0.597534
  19 -0.886681 -0.041837
  20 -0.274693 -0.541312
  21 -0.565307  1.015548
  22  1.040355  0.517685
  23 -0.560623  0.514971
  24  0.713876  0.016591
  25 -1.000711  0.347303
  26 -0.163745 -0.596734
  27  0.221705 -0.484815
  28 -0.621549  1.126688
  29 -0.771610 -0.542220
  30  1.257980  0.851732
  31 -0.668957  0.292291
  32 -0.947574  0.569888
  33  0.330557 -0.317769
  34  1.373737  0.295742
  35  0.992581 -0.261043
  36  0.388922 -0.651386
  37 -0.668438  0.236671
  38 -0.948091  0.625509
  39  0.330032 -0.262150
  40  1.262785  0.351185
  41 -0.774711 -0.208495
  42  0.370485  1.295249
  43 -0.457513  1.293838
  44 -0.506979  0.681929
  45  0.768028  0.127918
  46  0.826943 -0.261315
  47 -0.774194 -0.264116
  48 -0.177848  0.904989
  49  0.649140  1.017616
  50  0.057111 -0.596343
  51 -0.127365  1.405650
  52  0.719158 -0.539587
  53  0.875264  0.461802
  54  1.268647 -0.260598
  55  0.869420  1.073588
  56 -0.838201  0.681331
  57 -0.345546  1.127175
  58 -0.500218 -0.041130
  59 -0.339802  0.515365
  60  1.049386 -0.427805
  61  0.321087  0.683363
  62 -0.177325  0.849370
  63  0.662361 -0.372826
  64  0.702220  1.240173
  65 -0.116364  0.237656
  66 -0.395007  0.515267
  67 -0.014865  1.183366
  68 -0.830955 -0.097356
  69  0.216984  0.015754
  70  0.929941  0.517508
  71 -0.335631  0.070407
  72  0.711760  0.239062
  73  1.314789  0.684969
  74 -0.839756  0.848192
  75 -0.454382  0.960124
  76  0.817935  0.684181
  77 -0.226779  0.237462
  78 -0.276254 -0.374452
  79  1.202775  0.851646
  80 -0.726756  0.570292
  81  0.211729  0.571940
  82  0.165444 -0.373673
  83 -0.013815  1.072129
  84 -0.168439 -0.096158
  85  0.426214  1.239723
  86  0.941604 -0.706073
  87  0.768557  0.072300
  88 -0.505938  0.570690
  89 -0.551795 -0.430572
  90 -0.168961 -0.040538
  91  0.552988 -0.484248
  92  0.597113  0.683821
  93  0.883744 -0.428077
  94  1.153965  0.184160
  95 -0.774194 -0.264116
  96 -0.501777  0.125731
  97 -0.000716 -0.318343
  98  0.388397 -0.595767
  99  0.205938  1.183739
 100 -0.289299  1.016034
 101  0.216984  0.015754
 102 -0.609599 -0.152571
 103 -0.667919  0.181051
 104  0.371014  1.239632
 105  0.443086 -0.540054
 106  1.158220 -0.260775
 107 -0.562704  0.737450
 108  0.273245 -0.095389
 109 -0.552833 -0.319331
 110  1.369460  0.740671
 111  0.874734  0.517419
 112  0.924091  1.129293
 113  0.100268  0.682989
 114  0.490398  0.294314
 115  0.333182 -0.595862
 116 -0.610117 -0.096950
 117 -0.342412  0.793461
 118  0.815280  0.962266
 119 -0.105404 -0.930353
 120  0.271143  0.127086
 121  0.221181 -0.429197
 122  1.050977 -0.594657
 123  0.986211  0.406363
 124  0.926219  0.906826
 125 -0.452818  0.793266
 126  0.157049  0.516227
 127 -0.782479  0.625812
 128  0.171202 -0.985482
 129  0.987805  0.239512
 130  0.813155  1.184733
 131  0.430969  0.739165
 132 -0.280944  0.126125
 133 -0.668438  0.236671
 134  1.041419  0.406451
 135  0.335281 -0.818337
 136  0.276394 -0.429101
 137  0.648080  1.128850
 138  0.596584  0.739439
 139 -0.118980  0.515752
 140 -0.722608  0.125330
 141  1.428411  0.351444
 142 -0.510627  1.071265
 143 -0.113751 -0.040441
 144  0.931534  0.350657
 145  0.868889  1.129205
 146  0.499878 -0.706815
 147  1.317460  0.406888
 148  0.487759  0.572403
 149 -0.444488 -0.096650
 150  0.260084  1.295066
 151 -0.892887  0.625610
 152 -0.942406  0.013681
 153  0.554567 -0.651103
 154 -0.071116  1.294508
 155  1.104069 -0.372098
 156  1.038758  0.684535
 157 -0.782998  0.681432
 158 -0.720019 -0.152773
 159  0.430969  0.739165
 160  0.822178  0.239243
 161 -0.328867 -0.652651
 162  0.721795 -0.817677
 163 -0.226257  0.181843
 164  1.150236  0.573477
 165  0.661833 -0.317208
 166  0.371542  1.184015
 167 -0.452297  0.737647
 168 -0.388238 -0.207791
 169 -0.774711 -0.208495
 170  0.275870 -0.373482
 171 -0.671033  0.514772
 172  0.371014  1.239632
 173  0.771202 -0.205788
 174 -0.388758 -0.152171
 175 -0.122122  0.849465
 176 -0.382004 -0.875231
 177  1.207576  0.351098
 178  0.493561 -0.039395
 179  0.320560  0.738981
 180 -0.607008 -0.430673
 181  0.095010  1.239171
 182  0.937369 -0.261133
 183  0.987274  0.295129
 184 -0.833024  0.125127
 185  0.555620 -0.762339
 186 -0.607526 -0.375052
 187 -0.126316  1.294413
 188  0.493034  0.016223
 189  0.993112 -0.316660
 190  0.598700  0.516968
 191  0.443611 -0.595673
 192  0.055542 -0.429485
 193  1.321195  0.017573
 194 -0.176278  0.738132
 195 -0.893923  0.736851
 196 -0.508021  0.793168
 197  0.429385  0.906018
 198  0.275870 -0.373482
 199  0.556146 -0.817957
 200  0.829587 -0.539403
 201 -0.441371 -0.430371
 202  0.932065  0.295040
 203 -0.676229  1.070970
 204 -0.395528  0.570886
 205  0.651259  0.795147
 206  0.935248 -0.038664
 207  0.442560 -0.484436
 208 -0.180992  1.238700
 209 -0.660150 -0.653257
 210 -0.399180  0.960222
 211 -0.884615 -0.264321
 212  0.044013  0.794132
 213  0.445188 -0.762528
 214 -0.944989  0.291785
 215  1.205977  0.517947
 216 -0.727794  0.681532
 217 -0.555946  0.014391
 218 -0.510627  1.071265
 219  0.445713 -0.818146
 220  0.373126  1.017162
 221  0.881626 -0.205606
 222 -0.947056  0.514268
 223 -0.774194 -0.264116
 224  1.265984  0.017486
 225  0.775429 -0.650731
 226  0.265356  0.738888
 227  0.223801 -0.707291
 228  0.933657  0.128188
 229 -0.664291 -0.208292
 230  1.260116  0.629267
 231  0.994702 -0.483512
 232  0.493034  0.016223
 233 -0.218438 -0.652452
 234  0.595525  0.850674
 235  0.332133 -0.484625
 236 -0.610117 -0.096950
 237  1.104600 -0.427715
 238  0.719686 -0.595205
 239  0.986211  0.406363
 240  0.481415  1.239814
 241 -0.548686 -0.764294
 242 -0.615828  0.514872
 243  0.331083 -0.373388
 244 -0.611155  0.014290
 245  0.877387  0.239333
 246  0.260084  1.295066
 247  0.556146 -0.817957
 248  0.927283  0.795593
 249 -0.661184 -0.542015
 250  1.156093 -0.038307
 251 -0.001239 -0.262724
 252 -0.720536 -0.097152
 253 -0.008044  0.460324
 254 -0.943955  0.180543
 255 -0.772127 -0.486599
 256  1.039823  0.573302
 257 -0.011191  0.794037
 258 -0.611674  0.069911
 259  0.542436  0.628113
 260 -0.388238 -0.207791
 261  0.869952  1.017971
 262 -0.615828  0.514872
 263 -0.012765  0.960892
 264 -0.064298  0.571467
 265  0.003463 -0.763298
 266  1.050977 -0.594657
 267  0.550881 -0.261775
 268 -0.495546 -0.541712
 269  1.102476 -0.205247
 270  0.813155  1.184733
 271  0.873672  0.628653
 272 -0.286163  0.682320
 273  0.661833 -0.317208
 274  1.375872  0.073276
 275  0.994702 -0.483512
 276 -0.387198 -0.319031
 277 -0.228868  0.459940
 278  0.376820  0.627837
 279 -0.108531 -0.596635
 280 -0.506979  0.681929
 281  1.209707  0.128631
 282  1.048855 -0.372188
 283 -0.439814 -0.597231
 284 -0.065346  0.682704
 285  0.438877 -0.095107
 286  0.369428  1.406484
 287  0.538205  1.073053
 288 -0.613231  0.236771
 289 -0.782998  0.681432
 290  0.280065 -0.818433
 291  0.654965  0.405824
 292  1.158752 -0.316392
 293  0.207519  1.016885
 294  0.940546 -0.594838
 295 -0.236715  1.294223
 296  0.272194  0.015848
 297  0.877387  0.239333
 298  0.936309 -0.149899
 299 -0.116887  0.293275
 300  1.270243 -0.427448
 301  1.321195  0.017573
 302  0.042438  0.960987
 303  0.767498  0.183535
 304  0.718102 -0.428352
 305 -0.008044  0.460324
 306 -0.724163  0.292191
 307  1.099819  0.072838
 308  1.159814 -0.427626
 309 -0.663255 -0.319533
 310 -0.166873 -0.263016
 311 -0.329386 -0.597031

CYCLING-MEDIUM

   1   3.792117  -4.205256
   2   0.709643   0.461532
   3   1.384795   4.856047
   4  -3.682276   9.962612
   5   4.111576  -2.981443
   6   1.122393   3.465427
   7  -5.309933   0.727516
   8   1.353368   2.409117
   9   1.353002  -3.319371
  10  -5.591224   1.338742
  11   4.093450  -1.146349
  12  -3.642465  -6.833386
  13   8.406323  -1.642227
  14  -4.980002   7.124466
  15   1.969168   1.520186
  16   3.647384  -6.373967
  17  -3.670418   2.566875
  18   4.024420   0.243839
  19   2.182367   2.299080
  20   2.494160  -1.371028
  21   0.519624   3.019601
  22   1.705530   0.240637
  23  -2.992588   0.843977
  24  -0.265861  -1.486848
  25   0.208572   0.905649
  26  -6.685588   0.223424
  27   2.691301   6.636987
  28   1.723179  -1.594680
  29  -1.475364   3.906067
  30  -5.246510  -0.218013
  31   0.217509  -0.039865
  32  -3.247659  -1.492844
  33  -0.105925  -0.874733
  34   4.585465  -0.645240
  35   1.094497   0.629006
  36   1.018996   2.742301
  37   2.599214   4.802040
  38  -0.023885   7.912096
  39   0.688614  -3.153684
  40  -1.741460   2.848852
  41  -4.943431  -3.332453
  42  -1.689907  -2.768896
  43   2.435703  -1.037427
  44   3.815136  -0.924268
  45   1.146723  -4.876888
  46  -0.525783   2.684184
  47  -3.854055  -1.605451
  48   1.668281   4.077927
  49   3.788380   7.249704
  50  -0.746558  -9.328879
  51   6.050825   1.858654
  52 -10.869577  -1.179399
  53   0.276510   5.354889
  54  -2.331683  -5.106297
  55   1.138879  -4.042723
  56  -0.601315  -1.042498
  57   3.528604   0.131985
  58  -2.456099  -3.549215
  59  -2.240172   3.070377
  60   5.360242  -0.811158
  61   2.994966  -1.759587
  62   0.304578  -3.432461
  63   0.357214  -3.154280
  64   8.983881   1.193669
  65  -1.815726   4.906497
  66   0.140716   2.240370
  67   4.525241  -0.144825
  68   4.235818   1.189471
  69   0.947167   4.466163
  70  -3.947338   2.677523
  71  -1.440816   0.179606
  72  -4.042352   0.952958
  73   2.516272   2.021473
  74   5.886924   1.691687
  75   2.857863   0.965287
  76  -2.172733   1.735615
  77  -0.384458   5.242630
  78   5.683113   0.023302
  79  -0.542995  -1.376117
  80  -4.588447   0.284195
  81   1.415551   1.686216
  82   7.544285   1.581888
  83  -2.070974  -3.381527
  84   3.705791  -1.035636
  85  -1.362932   3.683808
  86  -0.126707   7.133580
  87   0.295157   3.408545
  88   6.229870 -10.482904
  89  -2.440084   0.789492
  90  -0.175755   0.682513
  91   3.852697   0.855348
  92   3.692591   0.299032
  93  -4.375672  -5.111030
  94   1.377473  -0.093573
  95   5.036768   3.859441
  96  -0.346439  -4.712857
  97  -0.884099  -0.319942
  98  -2.699998  -0.991035
  99  -1.760848  -1.044730
 100  -3.050798   1.177602
 101   2.388386   3.800849
 102   0.385770  -0.317674
 103   3.062200   2.633911
 104  -0.332996   5.631968
 105  -3.649514   0.230687
 106   8.663775   0.137109
 107   4.246098   5.637895
 108   2.424296  -5.597560
 109  -1.849542  -3.436684
 110   0.017648   3.574941
 111   0.187969   3.074687
 112   0.359899   2.407577
 113   3.260234   4.914035
 114  -3.498740 -10.669519
 115   1.040777   6.190078
 116  -1.534170   4.295264
 117   1.431618   0.017747
 118  -0.896757   6.909952
 119   0.948781   4.299336
 120   5.415081   4.638202
 121  -3.088486  -0.769362
 122   3.442461   3.246076
 123  -2.372574  -6.719202
 124   2.438630   4.301384
 125   2.980836  -0.313657
 126   0.852744  -2.986545
 127  -4.842141  -2.275292
 128   0.806769   1.852127
 129   2.850750   1.688245
 130   3.607918  -2.314830
 131  -2.562129   2.068573
 132   5.034489  -1.367615
 133  -2.665934   1.345269
 134   2.563812   2.800101
 135   4.282090   2.079272
 136   3.624760  -4.038685
 137  -1.324758  -0.432021
 138   0.928346   0.684359
 139   0.745179   2.519420
 140   1.711426  -0.371136
 141  -1.591935   4.573227
 142   3.058856  -2.649291
 143  -3.065139  -3.383684
 144  -7.718911   4.948901
 145  -1.838544   7.353152
 146  -0.389279  -0.096551
 147  -0.368103   3.518691
 148   3.145938  -0.257816
 149   1.001582  -1.206537
 150   5.371888   8.807463
 151  -4.288957  -2.385230
 152  -2.472611  -1.713678
 153   1.409100   2.353586
 154  -0.800111  -3.434559
 155   2.579419  -4.485171
 156  -2.285157   1.957881
 157   1.563353  -2.206715
 158  -3.865977   5.903488
 159  -2.433510   0.066391
 160  -1.157583  -0.598569
 161  -0.902739   1.682385
 162  -5.136101  -0.217748
 163  -0.801204   2.628087
 164   1.784077   3.521988
 165  -0.081173   8.134387
 166  -0.192544   2.462283
 167   3.361099   5.859369
 168   7.036359  -2.699887
 169   4.127937  -4.649602
 170  -0.863175   3.350999
 171   2.539653  -0.369897
 172   3.112979   3.078852
 173   5.521971  -0.421727
 174  -0.680447  -4.435439
 175   3.831584   2.968490
 176  -0.390840   0.070309
 177   2.820092  -6.542126
 178  -6.243038   0.113298
 179  -2.808259   4.848999
 180   2.715052  -1.370701
 181  -3.634667  -1.438076
 182  -2.820453   0.121215
 183   1.863083   1.075112
 184   0.987776   5.967593
 185  -5.298819  -0.551913
 186  -0.853787   2.349904
 187  -2.486468   5.850629
 188   0.033838 -10.049835
 189   0.198023   2.017996
 190  -4.783537  -2.664543
 191  -0.879457  -0.820531
 192  -0.312909  -8.382839
 193   4.438595  -2.536136
 194  -6.717882   4.005950
 195   4.789854   6.416749
 196   4.486655  -1.813161
 197   6.193688  -1.310702
 198   2.351768   1.910022
 199  -0.418102  -2.933249
 200   8.474883  -2.920889
 201   1.554848  -1.316867
 202  -2.418492   4.460458
 203   6.039366   2.970714
 204  -3.245674  -1.715343
 205   6.358415   4.138588
 206  -1.146818  -1.766617
 207  -4.411099  -1.050458
 208  -0.151268  -1.931599
 209   4.045078   3.691615
 210   2.624507  -3.428513
 211   3.879145  -1.813960
 212  -2.448628  -4.383512
 213   2.687414   7.026155
 214  -0.933128  -0.987498
 215   3.425305  -0.591115
 216   1.443223   4.522483
 217   0.221181  -0.429197
 218   1.430736   5.801398
 219   4.063520   1.856586
 220   6.585393  -1.810727
 221   2.322568  -0.759521
 222   7.107247   1.136731
 223  -2.068967  -3.604008
 224   2.462710   1.854562
 225   2.087684   0.686133
 226   3.018549   1.466016
 227  -2.449716   1.846310
 228  -1.740430   2.737616
 229  -3.551056   1.565910
 230   0.145995   1.684204
 231  -0.645190  -2.266243
 232   4.317078   4.081136
 233   2.015833  -3.318263
 234  -3.747621   5.013935
 235   0.863032   1.740982
 236  -2.632557   3.737030
 237  -2.351049   3.125780
 238   2.863655  -5.318806
 239   8.160370   0.748339
 240   3.367897  -0.368741
 241  -0.148956   3.685897
 242  -4.313685  -5.889552
 243   6.305842  -1.477398
 244   9.593729  -4.254105
 245   2.769734  -1.315007
 246  -2.143817  -1.434873
 247   0.658137   0.072117
 248  -1.058498   0.625305
 249   1.260891   6.245985
 250   3.752347   5.359392
 251   7.905488   3.972851
 252  -0.998133   5.964513
 253  -0.732632  -4.769237
 254   2.846533  -3.539388
 255  -1.877375  -0.377479
 256  -0.496064  -0.486091
 257  -8.701531  -3.008732
 258   8.165772  -5.089300
 259   5.347268  -5.037097
 260  -6.902149  -0.277814
 261  -2.908951   3.792098
 262  -0.441138  -6.437003
 263   4.098957  -1.702446
 264  -2.287194   2.180363
 265  -1.327836  -0.098291
 266   6.254572  -1.866682
 267  -8.305268   2.499884
 268   3.213389   4.079910
 269  -0.195630  -3.099685
 270  -1.986281  -6.662727
 271   1.786925  -2.484427
 272   3.679328   1.633687
 273   2.673303  -2.761096
 274   7.672137  -0.086043
 275  -0.752561  -2.600171
 276   6.556861   0.969447
 277   4.492216   3.136038
 278   4.350134   0.800337
 279  -0.232528   0.849274
 280  -2.383364   0.622735
 281   0.176821   4.242548
 282   0.738090  -2.541812
 283  -3.431190   0.509293
 284  -1.202077   4.184629
 285  -2.748206  -1.769888
 286   1.193596  -3.987014
 287   0.567693  -2.041550
 288  -1.754868   4.294862
 289   4.232985  -4.093407
 290  -6.078084   6.565854
 291   2.702383   5.525010
 292  -3.293676   3.624460
 293  -2.843719  -3.438816
 294   1.561711   3.688508
 295  -0.602500   4.964225
 296   5.795245  -0.143401
 297   5.758616  -1.978442
 298  -1.594693  -1.100023
 299  -1.106486  -0.153493
 300  -0.550129  -6.604050
 301   4.389689   2.357432
 302  -3.842952   3.345206
 303   9.369189   1.305082
 304   4.157485  -2.036028
 305  -0.102801  -1.208450
 306  -4.022158  -1.327699
 307   1.849029   2.521064
 308   0.640678  -3.932387
 309  -0.649824  -1.765665
 310   0.734944  -2.208113
 311  -2.143144   4.516596

CYCLING-LARGE

   1  -1.404641  -3.769485
   2   1.258514   0.796115
   3   2.772624   9.527714
   4   8.145750   7.308311
   5   8.120741  -6.089919
   6  -8.205448  -2.896046
   7 -10.833744   1.268581
   8   2.654943   4.746503
   9   4.259078   4.359093
  10 -11.231021   2.658092
  11   8.194065  -2.476371
  12   0.324723   6.077833
  13  -0.433402  10.357341
  14  -0.938279  -0.431287
  15   8.958068  -1.586192
  16   8.156064  -4.144261
  17  -7.553899   5.004955
  18   7.887206   0.470136
  19   2.602749  -6.931690
  20  -0.581740  -3.156039
  21   0.933151   5.911912
  22   3.250346   0.354069
  23  -6.199769   1.504127
  24   4.938470  -2.813522
  25   0.311587   1.684478
  26   2.776447  -7.765319
  27   5.547196   7.862685
  28   3.286824  -3.371889
  29  -3.054895   7.684501
  30 -10.542317  -0.677670
  31   0.330032  -0.262150
  32  -6.657820  -3.058688
  33  -0.316421  -1.987524
  34   3.888450   2.801732
  35   2.082818   1.186662
  36   1.987347   5.301705
  37   5.089205   9.474199
  38  -0.534175   3.574026
  39   1.272327  -6.489272
  40  -3.532500   5.626123
  41   4.877142  -2.201924
  42  -3.430693  -5.776200
  43  -9.995527  -6.962140
  44   7.470250  -1.921052
  45   2.188257  -9.878703
  46   0.558608  -6.991063
  47  -7.814760  -3.395618
  48   3.174340   7.971757
  49   7.598442  12.031485
  50  -1.363625  -2.212019
  51  10.449272   3.529238
  52   3.820628  -1.480374
  53   0.635329  -9.325948
  54   5.051712  -3.091407
  55   2.172159  -8.155556
  56  10.512969   2.751004
  57   6.953127   0.024541
  58   1.841313   8.915246
  59  -4.583532   5.957563
  60  10.671514  -1.696228
  61   5.886998  -3.757602
  62  -1.211987   5.241240
  63  -4.908565  -7.392651
  64   8.810180   7.086226
  65  11.666757   3.251585
  66   0.230935   4.353855
  67   8.946347  -0.474268
  68   8.421152   2.194075
  69   0.608726  -6.434923
  70  -8.052214   5.226102
  71  -2.987571   0.287739
  72  -8.133237   1.721562
  73   5.036200   3.915043
  74  -3.900251   9.684239
  75   5.609193   1.858237
  76  -4.504601   3.288136
  77  -0.874428  10.356667
  78  -1.357522  -2.879466
  79 -11.312071  -8.189945
  80  -4.120362  -2.718594
  81   2.835374   3.245332
  82   6.690828   9.252893
  83  -4.249305  -6.946091
  84   7.251605  -2.143665
  85  -2.941535   7.351113
  86  -0.278752  11.469080
  87   0.594085   6.745454
  88   7.654120   1.637570
  89  -5.096437   1.562431
  90  -0.401792   1.238316
  91   4.635003 -11.374565
  92   7.334461   0.525295
  93  -0.070485   7.022466
  94   2.704758  -0.314046
  95   4.848738 -10.596311
  96  -0.507027 -11.384940
  97  -1.983229  -0.878306
  98  -5.561437  -2.110172
  99  -3.627273  -2.272453
 100  -6.150326   2.171775
 101   4.668672   7.472880
 102   0.610836  -0.762245
 103   6.126682   5.194758
 104  -0.826218  11.079252
 105  -7.514506   0.332495
 106  -1.605818  11.911601
 107  -1.316057  -1.377590
 108  -9.477656   4.165321
 109  -2.939491   7.128706
 110  -9.029257 -10.351391
 111  -0.689785  -9.495528
 112   0.669674   4.632578
 113   6.519487   9.808536
 114   6.650577   2.582012
 115   4.658944   8.417840
 116  -6.448227  -1.723024
 117   2.868228  -0.091359
 118  -1.816829  10.910928
 119   1.790024   8.526074
 120   3.372274  -0.813637
 121  -3.171308   8.351457
 122 -10.713137   6.886883
 123  -8.950988   0.495384
 124  -1.904620   8.520581
 125   5.967130  -0.754888
 126   1.544964  -6.099542
 127  -9.903542  -4.625602
 128   1.451884   3.632741
 129   5.704186   3.359635
 130   7.167801  -4.756847
 131  -5.338122   3.953682
 132  10.021668  -2.919635
 133  -5.547645   2.673871
 134   5.075425   5.471877
 135   8.566607   4.084398
 136   7.203032  -8.258703
 137  -2.865638  -0.991386
 138   1.805183   1.353103
 139   1.383711   4.967259
 140  10.663780   9.087177
 141  -3.397976   9.018150
 142   6.070546  -5.536507
 143  -6.238451  -6.951229
 144  -2.661172   6.851220
 145  -9.045402  11.895230
 146  -3.770775   7.571875
 147  -0.951386   6.854260
 148   6.242678  -0.698996
 149  -2.311484  -1.212722
 150  -3.739599   4.124094
 151  -8.685711  -4.955714
 152  -4.997218  -3.499464
 153   2.710673   4.690967
 154  -1.762275  -6.995888
 155   5.165442  -9.039777
 156  -4.618903   3.732847
 157   3.133483  -4.651108
 158  -7.887286  11.787188
 159  -4.971942  -0.050471
 160   1.954746  -2.706614
 161  -2.022004   3.348887
 162 -10.322397  -0.565723
 163  -1.818313   5.184550
 164  -1.886945   6.630232
 165   0.031504  -3.766667
 166   5.139911  -0.867018
 167   6.720522  11.642282
 168  11.829919  -6.697687
 169   8.154447  -9.424390
 170   3.406749   6.804568
 171  -0.491103   4.853189
 172   6.062234   6.084215
 173   8.370283  12.031663
 174  -5.165274   3.119762
 175   7.665845   5.751680
 176  -0.942922   0.069302
 177  11.313388   5.252554
 178   0.387035  11.025432
 179  -5.717970   9.513549
 180   5.269888  -2.813105
 181  -5.745267   0.003284
 182  -7.430492  -3.116403
 183   0.288775   4.075889
 184  -8.975891  10.172376
 185   1.689703  -3.874932
 186  -1.868830   4.683948
 187  -5.185552  11.626913
 188   0.317520  -4.822806
 189  -6.599315  -3.447934
 190  -9.731201  -5.459488
 191  -1.974624  -1.823892
 192  -0.144348   8.968162
 193  10.301660   6.919833
 194   9.014516   8.586870
 195   7.687085  -6.924182
 196   8.924934  -3.698795
 197  11.291685  -2.863210
 198   4.540643   3.803348
 199  -1.053478  -5.937777
 200   6.408388   4.639006
 201  -4.830452   8.904005
 202   3.059936  -2.760512
 203  10.313295   5.863811
 204   3.674894   2.078564
 205  11.476757  10.365011
 206  -2.343636  -3.771458
 207  -9.038724  -2.286501
 208  -0.464090  -3.934464
 209  -4.563235   3.677351
 210   5.091225  -7.094458
 211   7.655407  -3.811205
 212  -5.412843   6.178144
 213   1.069357   3.242898
 214  -2.027321  -2.102118
 215   6.855850  -1.254424
 216   2.834480   8.860789
 217   0.336853  -0.985193
 218  11.907778  -3.641014
 219   8.019414   3.639346
 220   4.093767  -6.818027
 221   4.540224  -1.646266
 222   8.580475   7.919846
 223  -4.355987  -7.391254
 224   4.763093   3.636761
 225   4.069643   1.244885
 226   5.985890   2.803859
 227  11.515654  -3.141001
 228  -3.529475   5.292456
 229  -7.317200   3.114435
 230   0.241565   3.241617
 231  -1.506538  -4.715206
 232  11.733639   2.195457
 233   2.751872  11.583912
 234  -7.651640  10.009154
 235   1.619604   3.410535
 236  -5.312361   7.290535
 237  -4.915956   6.123660
 238   5.569096 -10.761787
 239   9.644319  -3.809357
 240   6.685606  -0.809763
 241   4.190878  11.029536
 242 -11.195228  12.000057
 243  -5.114496   3.620477
 244  -1.627500  -9.719995
 245  11.320157  -5.531081
 246  -4.337858  -3.108488
 247   1.210240   0.073015
 248  -2.277020   1.067937
 249   2.423363  11.361308
 250   2.836158   8.694035
 251   0.225447  10.636182
 252   1.612485   9.748723
 253  -7.649193   3.224807
 254   5.534445  -7.204984
 255  -3.971368  -0.826939
 256  -1.042018  -1.154571
 257  -8.710608  -1.896120
 258  -1.003784  -5.325934
 259  -6.476221  -4.949523
 260  -2.881658  -5.385613
 261  -7.661399   4.670958
 262  -3.239727   9.796715
 263   8.095087  -3.588383
 264  -4.734181   4.288781
 265  -2.761229  -0.323662
 266   5.600751  -2.757096
 267  -8.348993   7.727822
 268   6.373417   7.974404
 269  -0.606904  -6.437343
 270  -4.601535 -11.005885
 271   3.580311  -5.150856
 272   7.196174   3.194031
 273   5.242807  -5.648813
 274  -2.776089   7.351430
 275  -1.721490  -5.383054
 276  11.308995   0.638857
 277   8.984737   6.252542
 278   8.539232   1.471380
 279  -0.681435   1.627161
 280  -4.927448   1.173442
 281   0.246482   8.468425
 282   1.426097  -5.210046
 283  -7.078095   0.945589
 284  -2.452928   8.186024
 285  -5.603312  -3.667858
 286   2.338491  -8.210842
 287   1.029445  -4.154144
 288 -11.406286  10.832221
 289  -5.333734   3.453102
 290   2.560525   3.133760
 291   5.295277  10.863638
 292  -6.634872   7.176193
 293  -4.388381   8.793761
 294   2.960985   7.248840
 295  -1.309647   9.744561
 296  11.540804  -0.361657
 297  11.525792  -4.085896
 298  -3.349679  -2.438705
 299  -2.318043  -0.489617
 300  -3.969785   5.180309
 301   8.059997  10.142574
 302  -7.733505   6.672918
 303  -1.972603  -2.046382
 304   7.233807 -11.370231
 305  -0.311253  -2.543713
 306   1.310369  -4.654153
 307   3.701095   4.970129
 308   1.231550  -8.046143
 309   7.372741  -8.647491
 310   2.192079   6.914378
 311  -5.795487  -7.061278

REULEAUX-SMALL

  1 -0.290345  1.127272
  2  1.000524 -1.095302
  3  0.313172  1.517627
  4  0.392595 -1.040715
  5  0.975029  1.574308
  6 -0.273653 -0.652552
  7  1.367320  0.963134
  8 -0.774194 -0.264116
  9  1.484690  0.240297
 10 -1.110092  0.235856
 11  1.325990 -0.482976
 12 -0.838720  0.736952

REULEAUX-MEDIUM

  1 -0.576264  2.183536
  2  2.007312 -2.428457
  3  0.688388  2.686177
  4  0.735469 -2.263729
  5  1.955616  2.910501
  6 -0.539896 -1.709837
  7  2.575292  1.632263
  8 -1.708178 -0.766508
  9  2.753991  0.297780
 10 -2.435026  0.233261
 11  2.601905 -1.092796
 12 -1.727079  1.291505

REULEAUX-LARGE

  1 -1.257253  4.184532
  2  4.021779 -5.094582
  3  1.216566  5.133844
  4  1.310892 -4.709763
  5  3.915622  5.581963
  6 -1.184206 -3.713418
  7  5.101042  2.969844
  8 -3.465063 -1.882706
  9  5.404211  0.301041
 10 -5.084774  0.227402
 11  5.155527 -2.424006
 12 -3.503360  2.400364

2-POINT

 1  1.555381 -1.372483
 2 -1.180270  1.848741

4-POINT-SHORT

  1  0.774024 -18.656510
  2 -0.149593 -14.273227
  3 -3.387431 -17.280074
  4 -1.407704 -15.886837
  5  1.076607 -15.325538
  6  0.152434 -10.938872
  7 -3.083645 -13.947206
  8 -1.104901 -12.553290
  9  1.378387 -11.992087
 10  0.453717  -7.602887
 11 -2.780562 -10.612150
 12 -0.802830  -9.217818
 13  1.679390  -8.656803
 14  0.754282  -4.265865
 15 -2.478164  -7.275538
 16 -0.501470  -5.881032
 17  1.979643  -5.320291
 18  1.054155  -0.928359
 19 -2.176431  -3.937961
 20 -0.200797  -2.543507
 21  2.279175  -1.983115
 22  1.353368   2.409117
 23 -1.875341  -0.599970
 24  0.099217   0.794226
 25  2.578019   1.354200
 26  1.651953   5.746092
 27 -1.574870   2.737925
 28  0.398600   4.131672
 29  2.876208   4.691168
 30  1.949944   9.082132
 31 -1.274991   6.075253
 32  0.697383   7.468379
 33  3.173779   8.027345
 34  2.247378  12.416845
 35 -0.975675   9.411584
 36  0.995601  10.803935
 37  3.470771  11.362327
 38  2.544294  15.749879
 39 -0.676890  12.746527
 40  1.293289  14.137967

4-POINT-SHORT-64-128-256

 1  2.279175 -1.983115
 2  1.353368  2.409117
 3 -1.875341 -0.599970
 4  0.099217  0.794226

4-POINT-LONG

  1  3.342077 -21.200889
  2  1.374840 -11.603134
  3 -5.813544 -18.286174
  4 -1.414419 -15.109409
  5  3.644385 -17.872911
  6  1.675769  -8.267669
  7 -5.508707 -14.953743
  8 -1.111759 -11.775343
  9  3.945808 -14.541916
 10  1.975952  -4.931043
 11 -5.204526 -11.618932
 12 -0.809826  -8.439497
 13  4.246375 -11.208580
 14  2.275418  -1.593818
 15 -4.900989  -8.282386
 16 -0.508597  -5.102476
 17  4.546118  -7.873536
 18  2.574201   1.743487
 19 -4.598081  -4.944710
 20 -0.208047  -1.764843
 21  4.845070  -4.537379
 22  2.872333   5.080392
 23 -4.295787  -1.606466
 24  0.091851   1.572877
 25  5.143266  -1.200662
 26  3.169852   8.416455
 27 -3.994086   1.731819
 28  0.391126   4.910201
 29  5.440744   2.136100
 30  3.466797  11.751279
 31 -3.692957   5.069663
 32  0.689810   8.246686
 33  5.737544   5.472434
 34  3.763209  15.084502
 35 -3.392377   8.406622
 36  0.987938  11.581929
 37  6.033709   8.807906
 38  4.059131  18.415806
 39 -3.092320  11.742291
 40  1.285544  14.915566

4-POINT-LONG-64

 1  1.610070 -1.316779
 2 -1.235981  1.904259
 3  1.555381 -1.372483
 4 -1.180270  1.848741

4-POINT-LONG-128-256

 1  4.845070 -4.537379
 2  2.872333  5.080392
 3 -4.295787 -1.606466
 4  0.091851  1.572877

4-POINT-EXTENDED

  1  -0.273840 -25.641602
  2  -0.972139  -8.829028
  3 -16.927878 -11.101673
  4 -14.403735 -24.027190
  5   1.354332 -21.760256
  6   0.650028  -4.933408
  7 -15.297597  -7.202752
  8 -12.771117 -20.140198
  9   2.980421 -17.874432
 10   2.270042  -1.037675
 11 -13.669159  -3.302844
 12 -11.140173 -16.248786
 13   4.604354 -13.985306
 14   3.887892   2.857339
 15 -12.042651   0.597112
 16  -9.511031 -12.354151
 17   6.226077 -10.093963
 18   5.503592   6.750894
 19 -10.418138   4.496260
 20  -7.883795  -8.457404
 21   7.845561  -6.201404
 22   7.117175  10.642335
 23  -8.795662   8.393835
 24  -6.258550  -4.559571
 25   9.462799  -2.308541
 26   8.728699  14.531093
 27  -7.175241  12.289155
 28  -4.635355  -0.661587
 29  11.077806   1.583801
 30  10.338243  18.416689
 31  -5.556874  16.181628
 32  -3.014248   3.235698
 33  12.690620   5.474882
 34  11.945909  22.298729
 35  -3.940534  20.070748
 36  -1.395245   7.131520
 37  14.301300   9.364053
 38  13.551821  26.176906
 39  -2.326173  23.956096
 40   0.221661  11.025205

4-POINT-EXTENDED-128

 1  4.843972 -4.426176
 2  4.418412  4.970873
 3 -4.452389  3.621978
 4 -3.063655 -3.550550

4-POINT-EXTENDED-256

 1  7.845561  -6.201404
 2  7.117175  10.642335
 3 -8.795662   8.393835
 4 -6.258550  -4.559571

CPC

 1  2.279175 -1.983115
 2  1.353368  2.409117
 3 -1.875341 -0.599970
 4  0.099217  0.794226

